type,name,module,path,hash
"csv","agent-manifest","_cfg","bmad/_cfg/agent-manifest.csv","96ef01d37e6527201f3b13271541718c05bf1cf90b068abb2d6a49a3a7372100"
"csv","task-manifest","_cfg","bmad/_cfg/task-manifest.csv","52fd8a292c670764d1613a423a1907e21e5d420281c3c9517834530765054c08"
"csv","workflow-manifest","_cfg","bmad/_cfg/workflow-manifest.csv","b7050572626a3680ae0eaf39b8f226d63f58de2bb7c52bcd2268260dba61b1d6"
"yaml","manifest","_cfg","bmad/_cfg/manifest.yaml","9aa73666cea9b141509ef397c02159ce7e4ce28ab64c9334b13f151ec9c2ebe7"
"js","installer","bmb","bmad/bmb/workflows/create-module/installer-templates/installer.js","309ecdf2cebbb213a9139e5b7780d0d42bd60f665c497691773f84202e6667a7"
"md","agent-architecture","bmb","bmad/bmb/workflows/create-agent/agent-architecture.md","e486fc0b22bfe2c85b08fac0fc0aacdb43dd41498727bf39de30e570abe716b9"
"md","agent-command-patterns","bmb","bmad/bmb/workflows/create-agent/agent-command-patterns.md","8c5972a5aad50f7f6e39ed14edca9c609a7da8be21edf6f872f5ce8481e11738"
"md","agent-types","bmb","bmad/bmb/workflows/create-agent/agent-types.md","a9429475767b6db4bb74fb27e328a8fdb3e8e7176edb2920ae3e0106d85e9d83"
"md","bmad-builder","bmb","bmad/bmb/agents/bmad-builder.md","7a020a7cb2231d96588ee68080317b6e41fb11621c6059495ed25d3c689511fb"
"md","brainstorm-context","bmb","bmad/bmb/workflows/create-agent/brainstorm-context.md","85be72976c4ff5d79b2bce8e6b433f5e3526a7466a72b3efdb4f6d3d118e1d15"
"md","brainstorm-context","bmb","bmad/bmb/workflows/create-module/brainstorm-context.md","62b902177d2cb56df2d6a12e5ec5c7d75ec94770ce22ac72c96691a876ed2e6a"
"md","brainstorm-context","bmb","bmad/bmb/workflows/create-workflow/brainstorm-context.md","f246ec343e338068b37fee8c93aa6d2fe1d4857addba6db3fe6ad80a2a2950e8"
"md","checklist","bmb","bmad/bmb/workflows/audit-workflow/checklist.md","3a9cf6f7d38152d6e5e49179fec8b6056e97db0f34185ea5c466165cb931cd55"
"md","checklist","bmb","bmad/bmb/workflows/convert-legacy/checklist.md","9a376b87aa0af902a0acd2d5c183ae641a5b6e1cd3ddd2a2dd3a1734c86d1ce5"
"md","checklist","bmb","bmad/bmb/workflows/create-agent/checklist.md","837667f2bd601833568b327b961ba0dd363ba9a0d240625eebc9d1a9685ecbd8"
"md","checklist","bmb","bmad/bmb/workflows/create-module/checklist.md","72b9440ba720d96fa1cab50d1242495a5b7c540e7ab93a5a055c46c36d142ce1"
"md","checklist","bmb","bmad/bmb/workflows/create-workflow/checklist.md","78325ed31532c0059a3f647f7f4cda7702919a9ef43634afa419d3fa30ee2a0c"
"md","checklist","bmb","bmad/bmb/workflows/create-workflow/workflow-template/checklist.md","a950c68c71cd54b5a3ef4c8d68ad8ec40d5d1fa057f7c95e697e975807ae600b"
"md","checklist","bmb","bmad/bmb/workflows/edit-agent/checklist.md","e9878537ef45be158ca222d21311247a9bf0502cdabcb14dd827871d6488cf0e"
"md","checklist","bmb","bmad/bmb/workflows/edit-module/checklist.md","c0f599a80efb36ee184bcc5c94c903bbac31f335830a493ec9b8f47157ae5568"
"md","checklist","bmb","bmad/bmb/workflows/edit-workflow/checklist.md","9677c087ddfb40765e611de23a5a009afe51c347683dfe5f7d9fd33712ac4795"
"md","checklist","bmb","bmad/bmb/workflows/module-brief/checklist.md","821c90da14f02b967cb468b19f59a26c0d8f044d7a81a8b97631fb8ffac7648f"
"md","checklist","bmb","bmad/bmb/workflows/redoc/checklist.md","2117d60b14e19158f4b586878b3667d715d3b62f79815b72b55c2376ce31aae8"
"md","communication-styles","bmb","bmad/bmb/workflows/create-agent/communication-styles.md","96249cca9bee8f10b376e131729c633ea08328c44eaa6889343d2cf66127043e"
"md","instructions","bmb","bmad/bmb/workflows/audit-workflow/instructions.md","12c7b638245285b0f2df2bd3b23bb6b8f8741f6c79a081bf2a401f0effa6ddcb"
"md","instructions","bmb","bmad/bmb/workflows/convert-legacy/instructions.md","91c442227f8fa631ce9d6431eaf2cfd5a37a608c0df360125de23a428e031cca"
"md","instructions","bmb","bmad/bmb/workflows/create-agent/instructions.md","dc74fdd6efb1d6df1344a75275bc0ee94cea64e61a8cfac7b5766afdacbd7efe"
"md","instructions","bmb","bmad/bmb/workflows/create-module/instructions.md","010cb47095811cf4968d98712749cb1fee5021a52621d0aa0f35ef3758ed2304"
"md","instructions","bmb","bmad/bmb/workflows/create-workflow/instructions.md","6f81e2b18d5244864f7f194bd8dc8d99f7113bc54a08053d340cb6170a81bffb"
"md","instructions","bmb","bmad/bmb/workflows/create-workflow/workflow-template/instructions.md","daf3d312e5a60d7c4cbc308014e3c69eeeddd70bd41bd139d328318da1e3ecb2"
"md","instructions","bmb","bmad/bmb/workflows/edit-agent/instructions.md","0bc81290f33d1101b23ca29cb9f6537e7743113857c113c5bb5a36318d055be8"
"md","instructions","bmb","bmad/bmb/workflows/edit-module/instructions.md","e5e68479df9e521d157acc1bbf370dbf3f70f1ba8b067b1cec3c53fbf20f02ce"
"md","instructions","bmb","bmad/bmb/workflows/edit-workflow/instructions.md","a00ff928cf0425b3a88d3ee592e7e09994529b777caf476364cf69a3c5aee866"
"md","instructions","bmb","bmad/bmb/workflows/module-brief/instructions.md","e2275373850ea0745f396ad0c3aa192f06081b52d98777650f6b645333b62926"
"md","instructions","bmb","bmad/bmb/workflows/redoc/instructions.md","21dd93b64455f8dd475b508ae9f1076d7e179e99fb6f197476071706b78e3592"
"md","module-structure","bmb","bmad/bmb/workflows/create-module/module-structure.md","6d1ff1e86d73d237e4a1c628d5609ef409eda74dc2c93210681a87aba09b69dc"
"md","README","bmb","bmad/bmb/README.md","aa2beac1fb84267cbaa6d7eb541da824c34177a17cd227f11b189ab3a1e06d33"
"md","README","bmb","bmad/bmb/workflows/convert-legacy/README.md","2c11bcf8d974e4f0e0e03f948df42097592751a3aeb9c443fa6cecf05819d49b"
"md","README","bmb","bmad/bmb/workflows/create-agent/README.md","f4da5c16fb4847252b09b82d70f027ae08e78b75bb101601f2ca3d2c2c884736"
"md","README","bmb","bmad/bmb/workflows/create-module/README.md","539d3d12d78efcbe0b8b1a21a3916655b8a7356f763844aa6c735b7e8e8bb7e4"
"md","README","bmb","bmad/bmb/workflows/create-workflow/README.md","18b334dfb3bd6dd413a79e763a4f1f8a6f0fc206a66069ba0923de04d7a64872"
"md","README","bmb","bmad/bmb/workflows/edit-agent/README.md","fadee8e28804d5b6d6668689ee83e024035d2be2840fd6c359e0e095f0e4dcf9"
"md","README","bmb","bmad/bmb/workflows/edit-module/README.md","807df3d74f673399042331e4c5034466d8f146c4b2cdb39fe63ccde6f4509843"
"md","README","bmb","bmad/bmb/workflows/edit-workflow/README.md","2db00015c03a3ed7df4ff609ac27a179885145e4c8190862eea70d8b894ee9be"
"md","README","bmb","bmad/bmb/workflows/module-brief/README.md","d52ab0914ec83b2b97fded6b0b278f55fe82bb1ac78cbe202c03cf761fcce8ea"
"md","README","bmb","bmad/bmb/workflows/redoc/README.md","a1b7e02427cf252bca69a8a1ee0f554844a6a01b5d568d74f494c71542056173"
"md","template","bmb","bmad/bmb/workflows/audit-workflow/template.md","98e65880cac3ffb123e513abd48710e57e461418dd79a07d6b712505ed3ddb0e"
"md","template","bmb","bmad/bmb/workflows/create-workflow/workflow-template/template.md","c98f65a122035b456f1cbb2df6ecaf06aa442746d93a29d1d0ed2fc9274a43ee"
"md","template","bmb","bmad/bmb/workflows/module-brief/template.md","7d1ad5ec40b06510fcbb0a3da8ea32aefa493e5b04c3a2bba90ce5685b894275"
"md","workflow-creation-guide","bmb","bmad/bmb/workflows/create-workflow/workflow-creation-guide.md","d1f5f291de1dad996525e5be5cd360462f4c39657470adedbc2fd3a38fe963e9"
"yaml","bmad-builder.agent","bmb","bmad/bmb/agents/bmad-builder.agent.yaml",""
"yaml","config","bmb","bmad/bmb/config.yaml","f0d06856820f09f3353e35a5deea75b0a3b762fd2408d5dc58e6cee2bdda0731"
"yaml","install-config","bmb","bmad/bmb/workflows/create-module/installer-templates/install-config.yaml","f20caf43009df9955b5fa0fa333851bf8b860568c05707d60ed295179c8abfde"
"yaml","workflow","bmb","bmad/bmb/workflows/audit-workflow/workflow.yaml","24a82e15c41995c938c7f338254e5f414cfa8b9b679f3325e8d18435c992ab1c"
"yaml","workflow","bmb","bmad/bmb/workflows/convert-legacy/workflow.yaml","dd1d26124e59b73837f07d3663ca390484cfab0b4a7ffbee778c29bcdaaec097"
"yaml","workflow","bmb","bmad/bmb/workflows/create-agent/workflow.yaml","4b5c577c470c34d7e85a8881881e7e42a42758dc3fc12ece896752dfbd324eef"
"yaml","workflow","bmb","bmad/bmb/workflows/create-module/workflow.yaml","da632eac14f6323bb6e4d6821dcc4d266db9ffd52bb43ba7cb2e60ec0c9ae4c6"
"yaml","workflow","bmb","bmad/bmb/workflows/create-workflow/workflow-template/workflow.yaml","2eeb8d1724779956f8e89fda8fa850c3fb1d2b8c6eefecd1b5a4d5f9f58adb91"
"yaml","workflow","bmb","bmad/bmb/workflows/create-workflow/workflow.yaml","79bce9abed20f239a6d0f97a3577c6b76c05b79696b38183569f1204b1140adb"
"yaml","workflow","bmb","bmad/bmb/workflows/edit-agent/workflow.yaml","ab77c603f7bbdf8a8f38ce7e82f6cae40ad9ebcbdf0b590c18f5dece1e8685cd"
"yaml","workflow","bmb","bmad/bmb/workflows/edit-module/workflow.yaml","ee4cd0a932381b67866bd049a8b2ed5b8fde57d48dd488f2317deb649f88cd53"
"yaml","workflow","bmb","bmad/bmb/workflows/edit-workflow/workflow.yaml","9d8e33a8312a5e7cd10de014fb9251c7805be5fa23c7b4b813445b0daafc223c"
"yaml","workflow","bmb","bmad/bmb/workflows/module-brief/workflow.yaml","5e96bb7f5bf32817513225b1572f7bd93dbc724b166aa3af977818a6ba7bcaf0"
"yaml","workflow","bmb","bmad/bmb/workflows/redoc/workflow.yaml","0bef37556f6478ed886845c9811ecc97f41a240d3acd6c2e97ea1e2914f3abf7"
"csv","documentation-requirements","bmm","bmad/bmm/workflows/document-project/documentation-requirements.csv","d1253b99e88250f2130516b56027ed706e643bfec3d99316727a4c6ec65c6c1d"
"csv","domain-complexity","bmm","bmad/bmm/workflows/2-plan-workflows/prd/domain-complexity.csv","ed4d30e9fd87db2d628fb66cac7a302823ef6ebb3a8da53b9265326f10a54e11"
"csv","pattern-categories","bmm","bmad/bmm/workflows/3-solutioning/architecture/pattern-categories.csv","d9a275931bfed32a65106ce374f2bf8e48ecc9327102a08f53b25818a8c78c04"
"csv","project-types","bmm","bmad/bmm/workflows/2-plan-workflows/prd/project-types.csv","30a52051db3f0e4ff0145b36cd87275e1c633bc6c25104a714c88341e28ae756"
"csv","tea-index","bmm","bmad/bmm/testarch/tea-index.csv","23b0e383d06e039a77bb1611b168a2bb5323ed044619a592ac64e36911066c83"
"json","project-scan-report-schema","bmm","bmad/bmm/workflows/document-project/templates/project-scan-report-schema.json","53255f15a10cab801a1d75b4318cdb0095eed08c51b3323b7e6c236ae6b399b7"
"md","agents-guide","bmm","bmad/bmm/docs/agents-guide.md","0c5342d78f21810ac5e6e3ad9c3d952bb295418fbeb2644cc4c0ca00dc899584"
"md","analyst","bmm","bmad/bmm/agents/analyst.md","df273f9490365a8f263c13df57aa2664e078d3c9bf74c2a564e7fc44278c2fe0"
"md","architect","bmm","bmad/bmm/agents/architect.md","b6e20637e64cb7678b619d2b1abe82165e67c0ab922cb9baa2af2dea66f27d60"
"md","architecture-template","bmm","bmad/bmm/workflows/3-solutioning/architecture/architecture-template.md","a4908c181b04483c589ece1eb09a39f835b8a0dcb871cb624897531c371f5166"
"md","atdd-checklist-template","bmm","bmad/bmm/workflows/testarch/atdd/atdd-checklist-template.md","9944d7b488669bbc6e9ef537566eb2744e2541dad30a9b2d9d4ae4762f66b337"
"md","AUDIT-REPORT","bmm","bmad/bmm/workflows/4-implementation/dev-story/AUDIT-REPORT.md","809706c392b01e43e2dd43026c803733002bf8d8a71ba9cd4ace26cd4787fce5"
"md","backlog_template","bmm","bmad/bmm/workflows/4-implementation/code-review/backlog_template.md","84b1381c05012999ff9a8b036b11c8aa2f926db4d840d256b56d2fa5c11f4ef7"
"md","brownfield-guide","bmm","bmad/bmm/docs/brownfield-guide.md","c40aa4afaca2200bdc92081823d4cd50f1bfd297325cb34e67f6d62e129235bc"
"md","checklist","bmm","bmad/bmm/workflows/1-analysis/product-brief/checklist.md","d801d792e3cf6f4b3e4c5f264d39a18b2992a197bc347e6d0389cc7b6c5905de"
"md","checklist","bmm","bmad/bmm/workflows/1-analysis/research/checklist.md","b5bce869ee1ffd1d7d7dee868c447993222df8ac85c4f5b18957b5a5b04d4499"
"md","checklist","bmm","bmad/bmm/workflows/2-plan-workflows/create-ux-design/checklist.md","1aa5bc2ad9409fab750ce55475a69ec47b7cdb5f4eac93b628bb5d9d3ea9dacb"
"md","checklist","bmm","bmad/bmm/workflows/2-plan-workflows/prd/checklist.md","c9cbd451aea761365884ce0e47b86261cff5c72a6ffac2451123484b79dd93d1"
"md","checklist","bmm","bmad/bmm/workflows/2-plan-workflows/tech-spec/checklist.md","d4f21d97e63b8bdb8e33938467a5cb3fa4388527b6d2d65ed45915b2a498a4ef"
"md","checklist","bmm","bmad/bmm/workflows/3-solutioning/architecture/checklist.md","aa0bd2bde20f45be77c5b43c38a1dfb90c41947ff8320f53150c5f8274680f14"
"md","checklist","bmm","bmad/bmm/workflows/3-solutioning/solutioning-gate-check/checklist.md","c458763b4f2f4e06e2663c111eab969892ee4e690a920b970603de72e0d9c025"
"md","checklist","bmm","bmad/bmm/workflows/4-implementation/code-review/checklist.md","549f958bfe0b28f33ed3dac7b76ea8f266630b3e67f4bda2d4ae85be518d3c89"
"md","checklist","bmm","bmad/bmm/workflows/4-implementation/correct-course/checklist.md","33b2acfcc8fdbab18637218f6c6d16055e0004f0d818f993b0a6aeafac1f6112"
"md","checklist","bmm","bmad/bmm/workflows/4-implementation/create-story/checklist.md","e3a636b15f010fc0c337e35c2a9427d4a0b9746f7f2ac5dda0b2f309f469f5d1"
"md","checklist","bmm","bmad/bmm/workflows/4-implementation/dev-story/checklist.md","77cecc9d45050de194300c841e7d8a11f6376e2fbe0a5aac33bb2953b1026014"
"md","checklist","bmm","bmad/bmm/workflows/4-implementation/epic-tech-context/checklist.md","5e90dc12e01ba5f00301a6724fdac5585596fd6dfc670913938e9e92cdca133a"
"md","checklist","bmm","bmad/bmm/workflows/4-implementation/sprint-planning/checklist.md","80b10aedcf88ab1641b8e5f99c9a400c8fd9014f13ca65befc5c83992e367dd7"
"md","checklist","bmm","bmad/bmm/workflows/4-implementation/story-context/checklist.md","89c90d004e0649624a533d09604384c297b2891847c87cf1dcb358e9c8d0d723"
"md","checklist","bmm","bmad/bmm/workflows/document-project/checklist.md","54e260b60ba969ecd6ab60cb9928bc47b3733d7b603366e813eecfd9316533df"
"md","checklist","bmm","bmad/bmm/workflows/testarch/atdd/checklist.md","c4fa594d949dd8f1f818c11054b28643b458ab05ed90cf65f118deb1f4818e9f"
"md","checklist","bmm","bmad/bmm/workflows/testarch/automate/checklist.md","bf1ae220c15c9f263967d1606658b19adcd37d57aef2b0faa30d34f01e5b0d22"
"md","checklist","bmm","bmad/bmm/workflows/testarch/ci/checklist.md","b0a6233b7d6423721aa551ad543fa708ede1343313109bdc0cbd37673871b410"
"md","checklist","bmm","bmad/bmm/workflows/testarch/framework/checklist.md","d0f1008c374d6c2d08ba531e435953cf862cc280fcecb0cca8e9028ddeb961d1"
"md","checklist","bmm","bmad/bmm/workflows/testarch/nfr-assess/checklist.md","044416df40402db39eb660509eedadafc292c16edc247cf93812f2a325ee032c"
"md","checklist","bmm","bmad/bmm/workflows/testarch/test-design/checklist.md","17b95b1b316ab8d2fc9a2cd986ec5ef481cb4c285ea11651abd53c549ba762bb"
"md","checklist","bmm","bmad/bmm/workflows/testarch/test-review/checklist.md","0626c675114c23019e20e4ae2330a64baba43ad11774ff268c027b3c584a0891"
"md","checklist","bmm","bmad/bmm/workflows/testarch/trace/checklist.md","a4468ae2afa9cf676310ec1351bb34317d5390e4a02ded9684cc15a62f2fd4fd"
"md","checklist-deep-prompt","bmm","bmad/bmm/workflows/1-analysis/research/checklist-deep-prompt.md","1aa3eb0dd454decd55e656d3b6ed8aafe39baa5a042b754fd84083cfd59d5426"
"md","checklist-technical","bmm","bmad/bmm/workflows/1-analysis/research/checklist-technical.md","8f879eac05b729fa4d3536197bbc7cce30721265c5a81f8750698b27aa9ad633"
"md","ci-burn-in","bmm","bmad/bmm/testarch/knowledge/ci-burn-in.md","de0092c37ea5c24b40a1aff90c5560bbe0c6cc31702de55d4ea58c56a2e109af"
"md","component-tdd","bmm","bmad/bmm/testarch/knowledge/component-tdd.md","88bd1f9ca1d5bcd1552828845fe80b86ff3acdf071bac574eda744caf7120ef8"
"md","contract-testing","bmm","bmad/bmm/testarch/knowledge/contract-testing.md","d8f662c286b2ea4772213541c43aebef006ab6b46e8737ebdc4a414621895599"
"md","data-factories","bmm","bmad/bmm/testarch/knowledge/data-factories.md","d7428fe7675da02b6f5c4c03213fc5e542063f61ab033efb47c1c5669b835d88"
"md","deep-dive-instructions","bmm","bmad/bmm/workflows/document-project/workflows/deep-dive-instructions.md","5df994e4e77a2a64f98fb7af4642812378f15898c984fb4f79b45fb2201f0000"
"md","deep-dive-template","bmm","bmad/bmm/workflows/document-project/templates/deep-dive-template.md","6198aa731d87d6a318b5b8d180fc29b9aa53ff0966e02391c17333818e94ffe9"
"md","dev","bmm","bmad/bmm/agents/dev.md","d469f26d85f6b7e02a7a0198a294ccaa7f5d19cb1db6ca5cc4ddc64971fe2278"
"md","documentation-standards","bmm","bmad/bmm/workflows/techdoc/documentation-standards.md","fc26d4daff6b5a73eb7964eacba6a4f5cf8f9810a8c41b6949c4023a4176d853"
"md","email-auth","bmm","bmad/bmm/testarch/knowledge/email-auth.md","43f4cc3138a905a91f4a69f358be6664a790b192811b4dfc238188e826f6b41b"
"md","enterprise-agentic-development","bmm","bmad/bmm/docs/enterprise-agentic-development.md","cbd0dbcd90769fbbc3e28c1b7c9072091f4365c5d04bb3ef61a6c1c1f7d89931"
"md","epics-template","bmm","bmad/bmm/workflows/2-plan-workflows/prd/create-epics-and-stories/epics-template.md","d497e0f6db4411d8ee423c1cbbf1c0fa7bfe13ae5199a693c80b526afd417bb0"
"md","epics-template","bmm","bmad/bmm/workflows/2-plan-workflows/tech-spec/epics-template.md","bb05533e9c003a01edeff9553a7e9e65c255920668e1b71ad652b5642949fb69"
"md","error-handling","bmm","bmad/bmm/testarch/knowledge/error-handling.md","8a314eafb31e78020e2709d88aaf4445160cbefb3aba788b62d1701557eb81c1"
"md","faq","bmm","bmad/bmm/docs/faq.md","1f688369ad0d8c51a266b9b96aff211687c0d829d2fa7d406f7c7e60296d473f"
"md","feature-flags","bmm","bmad/bmm/testarch/knowledge/feature-flags.md","f6db7e8de2b63ce40a1ceb120a4055fbc2c29454ad8fca5db4e8c065d98f6f49"
"md","fixture-architecture","bmm","bmad/bmm/testarch/knowledge/fixture-architecture.md","a3b6c1bcaf5e925068f3806a3d2179ac11dde7149e404bc4bb5602afb7392501"
"md","full-scan-instructions","bmm","bmad/bmm/workflows/document-project/workflows/full-scan-instructions.md","f51b4444c5a44f098ce49c4ef27a50715b524c074d08c41e7e8c982df32f38b9"
"md","glossary","bmm","bmad/bmm/docs/glossary.md","1b8010c64dd92319b1104de818e97c0faca075496f7c0a4484509836857a589d"
"md","index-template","bmm","bmad/bmm/workflows/document-project/templates/index-template.md","42c8a14f53088e4fda82f26a3fe41dc8a89d4bcb7a9659dd696136378b64ee90"
"md","instructions","bmm","bmad/bmm/workflows/1-analysis/brainstorm-project/instructions.md","990e98596dc82f5e6c044ea8a833638c8cde46b1a10b1eb4fa8df347568bd881"
"md","instructions","bmm","bmad/bmm/workflows/1-analysis/domain-research/instructions.md","e5e5710fd9217f9b535fe8f7ae7b85384a2e441f2b8b6631827c840e9421ea6c"
"md","instructions","bmm","bmad/bmm/workflows/1-analysis/product-brief/instructions.md","8ed82a89a9e7d43bbf7ea81dd1b1113242e0e8c0da14938a86bd49d79595085f"
"md","instructions","bmm","bmad/bmm/workflows/2-plan-workflows/create-ux-design/instructions.md","c52457ea4b72429eb8431e035141cc16ebcb01232715fa50bc65f96930016f31"
"md","instructions","bmm","bmad/bmm/workflows/2-plan-workflows/prd/create-epics-and-stories/instructions.md","3dff42dfec8ac57ad89abe3ab447132aa93ce96d36c2370fa23ebf556eb12e07"
"md","instructions","bmm","bmad/bmm/workflows/2-plan-workflows/prd/instructions.md","b668c4294100187d926796e78fb59f41c77ecdbbada39a48ad33d76578cd94ae"
"md","instructions","bmm","bmad/bmm/workflows/2-plan-workflows/tech-spec/instructions.md","7db1e44b7d47571197dc1f53eea2297a830a339910902d2805a8b255aaf1b124"
"md","instructions","bmm","bmad/bmm/workflows/3-solutioning/architecture/instructions.md","2a841f8c8a8907f94130c1ce256cbd54c58cdfde8bed9761f4ce7684f9bd2779"
"md","instructions","bmm","bmad/bmm/workflows/3-solutioning/solutioning-gate-check/instructions.md","e6ff1f5a2664e83844a30a104e27e4acdfef9ab960af8225b6efa1483dc451d5"
"md","instructions","bmm","bmad/bmm/workflows/4-implementation/code-review/instructions.md","9759c284b5fbc4675abcbf96983b49e513d58ab26deaca499d74a133ee550b59"
"md","instructions","bmm","bmad/bmm/workflows/4-implementation/correct-course/instructions.md","5e8a3aa9b83166b3d5832ac9f5c8e6944328c26a6e4a399dce56916993b1709f"
"md","instructions","bmm","bmad/bmm/workflows/4-implementation/create-story/instructions.md","a6f4f6cac9cf36d5ed0e10193512e690915330bcd761e403cc7a460d19449bdd"
"md","instructions","bmm","bmad/bmm/workflows/4-implementation/dev-story/instructions.md","2571d592d5e69ea470840013c6e6e9a06b7dd3361782a202503aa1c21b6c0720"
"md","instructions","bmm","bmad/bmm/workflows/4-implementation/epic-tech-context/instructions.md","4310c308e4f43d45de813dc76ff187faad952559e5e6fd26565ce20804b0755c"
"md","instructions","bmm","bmad/bmm/workflows/4-implementation/retrospective/instructions.md","b8cd4f18100ade53fc493883d1439653cb73bef63379072fc57331cb359bd517"
"md","instructions","bmm","bmad/bmm/workflows/4-implementation/sprint-planning/instructions.md","4410cf772bd445f165a8971b0372dea777b5d192968363be46a56863211eef63"
"md","instructions","bmm","bmad/bmm/workflows/4-implementation/story-context/instructions.md","da614cf99bfa1a2c76e1731345fe163fa1095f15c05ab5fedd1390dd0cacdc98"
"md","instructions","bmm","bmad/bmm/workflows/4-implementation/story-done/instructions.md","00e8b4b817b11a8bb1b7a3746fc9991c60acee1551c9de005c423ef9e670272f"
"md","instructions","bmm","bmad/bmm/workflows/4-implementation/story-ready/instructions.md","da51e57c470e7561d61660260d0e5661dd3a269a772ae180910abe5269d9d537"
"md","instructions","bmm","bmad/bmm/workflows/document-project/instructions.md","150154d560155635b7036043bb4c8ee99f52e4a34d1c9db13e955abc69a0452a"
"md","instructions","bmm","bmad/bmm/workflows/testarch/atdd/instructions.md","afed355e21b2592c2bfe6ce71c64f6556deb082c865208613427a33e5daa61e3"
"md","instructions","bmm","bmad/bmm/workflows/testarch/automate/instructions.md","43958a5fb17e5514101656720add81ae30dc7b38b5e0df596df4b7167d8cc059"
"md","instructions","bmm","bmad/bmm/workflows/testarch/ci/instructions.md","2dbb3687ec7423d01ae29ef0f67400b0df56756a7c0041ef367d6c95b6f695c2"
"md","instructions","bmm","bmad/bmm/workflows/testarch/framework/instructions.md","2bbaaa5559917cb2f5da2121df763893dc4ccd703afc385d9d71b5b379a798e8"
"md","instructions","bmm","bmad/bmm/workflows/testarch/nfr-assess/instructions.md","a3838c8e5dcb1735962176aa07cc8f7a1d5a1e1ad70207a27a8152015cfebbcb"
"md","instructions","bmm","bmad/bmm/workflows/testarch/test-design/instructions.md","b0e17d6cbc4852f4808ae891dc4c70d80cb7df267d1a5e4c138d8c92d12c1319"
"md","instructions","bmm","bmad/bmm/workflows/testarch/test-review/instructions.md","8e1ed220ae9fb0ea5eba0a75f7fc755b774d8c1cfbaf15c9b972fdbdab76d954"
"md","instructions","bmm","bmad/bmm/workflows/testarch/trace/instructions.md","e34afa60d1dc5810a37372f59cb37b4f42f08c811948968dddea9668b669b3d2"
"md","instructions","bmm","bmad/bmm/workflows/workflow-status/init/instructions.md","2c212a6820c24a67fbd88bbbbdcd9bb346fb972b66d23d71e750fa59d3ed0a65"
"md","instructions","bmm","bmad/bmm/workflows/workflow-status/instructions.md","9706ab6bc6fe69cf519b6fc8f139349fb7aec18961a57c75082fcc586741d25c"
"md","instructions-deep-prompt","bmm","bmad/bmm/workflows/1-analysis/research/instructions-deep-prompt.md","a0b0f774abe6a1e29dc01feb4dec706f2deffeb0e6f65d62f1cdaad87dfa0cae"
"md","instructions-level0-story","bmm","bmad/bmm/workflows/2-plan-workflows/tech-spec/instructions-level0-story.md","b158b4e5aa2357fbef4bc610e721bcb23801e622e9a56da60c3f58908f2f313d"
"md","instructions-level1-stories","bmm","bmad/bmm/workflows/2-plan-workflows/tech-spec/instructions-level1-stories.md","3c8ad58ec827eaf9239140c781258ffb69493592b59b7dfd8562c461420beb38"
"md","instructions-market","bmm","bmad/bmm/workflows/1-analysis/research/instructions-market.md","5ffa7d75b69061b05f16492b7b20e63dad939c12844ca29cf169de324294c81e"
"md","instructions-router","bmm","bmad/bmm/workflows/1-analysis/research/instructions-router.md","8fe681c1902e66ff86f96228ca9932b5b688447f5ff66611514289dc2b926d4c"
"md","instructions-technical","bmm","bmad/bmm/workflows/1-analysis/research/instructions-technical.md","45232dc63d4b80abc53868a4dbe2484bb69a87e7f16fb8765a6a73f5411bd4c4"
"md","network-first","bmm","bmad/bmm/testarch/knowledge/network-first.md","2920e58e145626f5505bcb75e263dbd0e6ac79a8c4c2ec138f5329e06a6ac014"
"md","nfr-criteria","bmm","bmad/bmm/testarch/knowledge/nfr-criteria.md","e63cee4a0193e4858c8f70ff33a497a1b97d13a69da66f60ed5c9a9853025aa1"
"md","nfr-report-template","bmm","bmad/bmm/workflows/testarch/nfr-assess/nfr-report-template.md","b1d8fcbdfc9715a285a58cb161242dea7d311171c09a2caab118ad8ace62b80c"
"md","party-mode","bmm","bmad/bmm/docs/party-mode.md","1f62cb3f3f292a5a3d08b295f62fbeb46abff6eb9743abdd5112b49032a7253e"
"md","playwright-config","bmm","bmad/bmm/testarch/knowledge/playwright-config.md","42516511104a7131775f4446196cf9e5dd3295ba3272d5a5030660b1dffaa69f"
"md","pm","bmm","bmad/bmm/agents/pm.md","1aaa58f55ec09afdfcdc0b830a1db054b5335b94e43c586b40f6b21e2809109a"
"md","prd-template","bmm","bmad/bmm/workflows/2-plan-workflows/prd/prd-template.md","cf79921e432b992048af21cb4c87ca5cbc14cdf6e279324b3d5990a7f2366ec4"
"md","probability-impact","bmm","bmad/bmm/testarch/knowledge/probability-impact.md","446dba0caa1eb162734514f35366f8c38ed3666528b0b5e16c7f03fd3c537d0f"
"md","project-context","bmm","bmad/bmm/workflows/1-analysis/brainstorm-project/project-context.md","0f1888da4bfc4f24c4de9477bd3ccb2a6fb7aa83c516dfdc1f98fbd08846d4ba"
"md","project-overview-template","bmm","bmad/bmm/workflows/document-project/templates/project-overview-template.md","a7c7325b75a5a678dca391b9b69b1e3409cfbe6da95e70443ed3ace164e287b2"
"md","quick-spec-flow","bmm","bmad/bmm/docs/quick-spec-flow.md","215d508d27ea94e0091fc32f8dce22fadf990b3b9d8b397e2c393436934f85af"
"md","quick-start","bmm","bmad/bmm/docs/quick-start.md","4d5e28613ea745c5d1a2e7cb50d7cc5bad47a587f807e3c07d21ebb8bc20f9f6"
"md","README","bmm","bmad/bmm/README.md","ad4e6d0c002e3a5fef1b695bda79e245fe5a43345375c699165b32d6fc511457"
"md","README","bmm","bmad/bmm/docs/README.md","27a835cbc5ed50e4b076d8f0d9454c8e6b6826e69d72ec010df904e891023493"
"md","risk-governance","bmm","bmad/bmm/testarch/knowledge/risk-governance.md","2fa2bc3979c4f6d4e1dec09facb2d446f2a4fbc80107b11fc41cbef2b8d65d68"
"md","scale-adaptive-system","bmm","bmad/bmm/docs/scale-adaptive-system.md","f1bdaac7e6cf96dc115d8fd86c7dc499892ad745a1330221fedbaae1188c6a24"
"md","selective-testing","bmm","bmad/bmm/testarch/knowledge/selective-testing.md","c14c8e1bcc309dbb86a60f65bc921abf5a855c18a753e0c0654a108eb3eb1f1c"
"md","selector-resilience","bmm","bmad/bmm/testarch/knowledge/selector-resilience.md","a55c25a340f1cd10811802665754a3f4eab0c82868fea61fea9cc61aa47ac179"
"md","sm","bmm","bmad/bmm/agents/sm.md","6c7e3534b7d34af38298c3dd91a00b4165d4bfaa3d8d62c3654b7fa38c4925e9"
"md","source-tree-template","bmm","bmad/bmm/workflows/document-project/templates/source-tree-template.md","109bc335ebb22f932b37c24cdc777a351264191825444a4d147c9b82a1e2ad7a"
"md","tea","bmm","bmad/bmm/agents/tea.md","97a2cf3d200a9ed038559a4c524e9b333f4d37cff480e976a9a4a292de63df3a"
"md","tech-spec-template","bmm","bmad/bmm/workflows/2-plan-workflows/tech-spec/tech-spec-template.md","2b07373b7b23f71849f107b8fd4356fef71ba5ad88d7f333f05547da1d3be313"
"md","tech-writer","bmm","bmad/bmm/agents/tech-writer.md","abbd01d8606ee4cca815abb739db4f1bc78d6d5b5ee6b9f712013da46c053d31"
"md","template","bmm","bmad/bmm/workflows/1-analysis/domain-research/template.md","5606843f77007d886cc7ecf1fcfddd1f6dfa3be599239c67eff1d8e40585b083"
"md","template","bmm","bmad/bmm/workflows/1-analysis/product-brief/template.md","96f89df7a4dabac6400de0f1d1abe1f2d4713b76fe9433f31c8a885e20d5a5b4"
"md","template","bmm","bmad/bmm/workflows/3-solutioning/solutioning-gate-check/template.md","11c3b7573991c001a7f7780daaf5e5dfa4c46c3ea1f250c5bbf86c5e9f13fc8b"
"md","template","bmm","bmad/bmm/workflows/4-implementation/create-story/template.md","83c5d21312c0f2060888a2a8ba8332b60f7e5ebeb9b24c9ee59ba96114afb9c9"
"md","template","bmm","bmad/bmm/workflows/4-implementation/epic-tech-context/template.md","b5c5d0686453b7c9880d5b45727023f2f6f8d6e491b47267efa8f968f20074e3"
"md","template-deep-prompt","bmm","bmad/bmm/workflows/1-analysis/research/template-deep-prompt.md","2e65c7d6c56e0fa3c994e9eb8e6685409d84bc3e4d198ea462fa78e06c1c0932"
"md","template-market","bmm","bmad/bmm/workflows/1-analysis/research/template-market.md","e5e59774f57b2f9b56cb817c298c02965b92c7d00affbca442366638cd74d9ca"
"md","template-technical","bmm","bmad/bmm/workflows/1-analysis/research/template-technical.md","78caa56ba6eb6922925e5aab4ed4a8245fe744b63c245be29a0612135851f4ca"
"md","test-architecture","bmm","bmad/bmm/docs/test-architecture.md","84ed6c8fdb4bd42dd12c7f55c058bb2ed4ef6d765cb8d8d829e0880280c40826"
"md","test-design-template","bmm","bmad/bmm/workflows/testarch/test-design/test-design-template.md","ccf81b14ec366cbd125a1cdebe40f07fcf7a9789b0ecc3e57111fc4526966d46"
"md","test-healing-patterns","bmm","bmad/bmm/testarch/knowledge/test-healing-patterns.md","b44f7db1ebb1c20ca4ef02d12cae95f692876aee02689605d4b15fe728d28fdf"
"md","test-levels-framework","bmm","bmad/bmm/testarch/knowledge/test-levels-framework.md","80bbac7959a47a2e7e7de82613296f906954d571d2d64ece13381c1a0b480237"
"md","test-priorities-matrix","bmm","bmad/bmm/testarch/knowledge/test-priorities-matrix.md","321c3b708cc19892884be0166afa2a7197028e5474acaf7bc65c17ac861964a5"
"md","test-quality","bmm","bmad/bmm/testarch/knowledge/test-quality.md","97b6db474df0ec7a98a15fd2ae49671bb8e0ddf22963f3c4c47917bb75c05b90"
"md","test-review-template","bmm","bmad/bmm/workflows/testarch/test-review/test-review-template.md","3e68a73c48eebf2e0b5bb329a2af9e80554ef443f8cd16652e8343788f249072"
"md","timing-debugging","bmm","bmad/bmm/testarch/knowledge/timing-debugging.md","c4c87539bbd3fd961369bb1d7066135d18c6aad7ecd70256ab5ec3b26a8777d9"
"md","trace-template","bmm","bmad/bmm/workflows/testarch/trace/trace-template.md","5453a8e4f61b294a1fc0ba42aec83223ae1bcd5c33d7ae0de6de992e3ee42b43"
"md","user-story-template","bmm","bmad/bmm/workflows/2-plan-workflows/tech-spec/user-story-template.md","4b179d52088745060991e7cfd853da7d6ce5ac0aa051118c9cecea8d59bdaf87"
"md","ux-design-template","bmm","bmad/bmm/workflows/2-plan-workflows/create-ux-design/ux-design-template.md","f9b8ae0fe08c6a23c63815ddd8ed43183c796f266ffe408f3426af1f13b956db"
"md","ux-designer","bmm","bmad/bmm/agents/ux-designer.md","2913eebbc6eeff757ef08e8d42c68730ba3f6837d311fcbbe647a161a16b36cf"
"md","visual-debugging","bmm","bmad/bmm/testarch/knowledge/visual-debugging.md","072a3d30ba6d22d5e628fc26a08f6e03f8b696e49d5a4445f37749ce5cd4a8a9"
"md","workflow-architecture-reference","bmm","bmad/bmm/docs/workflow-architecture-reference.md","ce6c43a7f90e7b31655dd1bc9632cda700e105315f5ef25067319792274b2283"
"md","workflow-document-project-reference","bmm","bmad/bmm/docs/workflow-document-project-reference.md","1f271cd6c139def4de63a6e0b00800eaebb26353fb4c3758fb4d737c04c98e46"
"md","workflows-analysis","bmm","bmad/bmm/docs/workflows-analysis.md","4dd00c829adcf881ecb96e083f754a4ce109159cfdaff8a5a856590ba33f1d74"
"md","workflows-implementation","bmm","bmad/bmm/docs/workflows-implementation.md","d9d22fd7e11a5586f4c93d38f88fd93e4203d31d3388ad2d0de439cc8d35df79"
"md","workflows-planning","bmm","bmad/bmm/docs/workflows-planning.md","b713c4b5c3275daa8285fa5e8a18d9e2b6d38c66cbb77e302c15b40ea9bb3029"
"md","workflows-solutioning","bmm","bmad/bmm/docs/workflows-solutioning.md","193b6bfdafcf802b9ff6f39d1bea4fe09d788e3b2bbfe9ff034019c9a3fba696"
"xml","context-template","bmm","bmad/bmm/workflows/4-implementation/story-context/context-template.xml","6b88d07ff10f51bb847d70e02f22d8927beb6ef1e55d5acf647e8f23b5821921"
"xml","daily-standup","bmm","bmad/bmm/tasks/daily-standup.xml","0ae12d1c1002120a567611295e201c9d11eb64618b935d7ef586257103934224"
"yaml","analyst.agent","bmm","bmad/bmm/agents/analyst.agent.yaml",""
"yaml","architect.agent","bmm","bmad/bmm/agents/architect.agent.yaml",""
"yaml","architecture-patterns","bmm","bmad/bmm/workflows/3-solutioning/architecture/architecture-patterns.yaml","9394c1e632e01534f7a1afd676de74b27f1868f58924f21b542af3631679c552"
"yaml","config","bmm","bmad/bmm/config.yaml","220a3f260e3b9613e67dddcf199d820164eb805d484be1a32e689e51ad86cb6e"
"yaml","decision-catalog","bmm","bmad/bmm/workflows/3-solutioning/architecture/decision-catalog.yaml","f7fc2ed6ec6c4bd78ec808ad70d24751b53b4835e0aad1088057371f545d3c82"
"yaml","deep-dive","bmm","bmad/bmm/workflows/document-project/workflows/deep-dive.yaml","5bba01ced6a5a703afa9db633cb8009d89fe37ceaa19b012cb4146ff5df5d361"
"yaml","dev.agent","bmm","bmad/bmm/agents/dev.agent.yaml",""
"yaml","enterprise-brownfield","bmm","bmad/bmm/workflows/workflow-status/paths/enterprise-brownfield.yaml","8b81f8b51f6575b92f8b490694e5f538aad9644c86119ccd6e2b727c7c232ef7"
"yaml","enterprise-greenfield","bmm","bmad/bmm/workflows/workflow-status/paths/enterprise-greenfield.yaml","040727a03c69aac1ac980ec3d708f7e64f083640fe1e724b3f09b9880f400e5a"
"yaml","full-scan","bmm","bmad/bmm/workflows/document-project/workflows/full-scan.yaml","0a9c4d6caa66ab51c3a9122956821bcd8b5c17207e845bfa1c4dccaef81afbb9"
"yaml","game-design","bmm","bmad/bmm/workflows/workflow-status/paths/game-design.yaml","f5228c1cd593348f03824535e19a6c41b926a49a0c63ca320a2cd2e0d8b11976"
"yaml","github-actions-template","bmm","bmad/bmm/workflows/testarch/ci/github-actions-template.yaml","28c0de7c96481c5a7719596c85dd0ce8b5dc450d360aeaa7ebf6294dcf4bea4c"
"yaml","gitlab-ci-template","bmm","bmad/bmm/workflows/testarch/ci/gitlab-ci-template.yaml","bc83b9240ad255c6c2a99bf863b9e519f736c99aeb4b1e341b07620d54581fdc"
"yaml","injections","bmm","bmad/bmm/workflows/1-analysis/research/claude-code/injections.yaml","dd6dd6e722bf661c3c51d25cc97a1e8ca9c21d517ec0372e469364ba2cf1fa8b"
"yaml","method-brownfield","bmm","bmad/bmm/workflows/workflow-status/paths/method-brownfield.yaml","6f4c6b508d3af2eba1409d48543e835d07ec4d453fa34fe53a2c7cbb91658969"
"yaml","method-greenfield","bmm","bmad/bmm/workflows/workflow-status/paths/method-greenfield.yaml","1eb8232eca4cb915acecbc60fe3495c6dcc8d2241393ee42d62b5f491d7c223e"
"yaml","pm.agent","bmm","bmad/bmm/agents/pm.agent.yaml",""
"yaml","project-levels","bmm","bmad/bmm/workflows/workflow-status/project-levels.yaml","09d810864558bfbc5a83ed8989847a165bd59119dfe420194771643daff6c813"
"yaml","quick-flow-brownfield","bmm","bmad/bmm/workflows/workflow-status/paths/quick-flow-brownfield.yaml","0d8837a07efaefe06b29c1e58fee982fafe6bbb40c096699bd64faed8e56ebf8"
"yaml","quick-flow-greenfield","bmm","bmad/bmm/workflows/workflow-status/paths/quick-flow-greenfield.yaml","c6eae1a3ef86e87bd48a285b11989809526498dc15386fa949279f2e77b011d5"
"yaml","sample-level-3-workflow","bmm","bmad/bmm/workflows/workflow-status/sample-level-3-workflow.yaml","036b27d39d3a845abed38725d816faca1452651c0b90f30f6e3adc642c523c6f"
"yaml","sm.agent","bmm","bmad/bmm/agents/sm.agent.yaml",""
"yaml","sprint-status-template","bmm","bmad/bmm/workflows/4-implementation/sprint-planning/sprint-status-template.yaml","314af29f980b830cc2f67b32b3c0c5cc8a3e318cc5b2d66ff94540e5c80e3aca"
"yaml","tea.agent","bmm","bmad/bmm/agents/tea.agent.yaml",""
"yaml","team-fullstack","bmm","bmad/bmm/teams/team-fullstack.yaml","f6e12ad099bbcc048990ea9c0798587b044880f17494dbce0b9dd35a7a674d05"
"yaml","tech-writer.agent","bmm","bmad/bmm/agents/tech-writer.agent.yaml",""
"yaml","ux-designer.agent","bmm","bmad/bmm/agents/ux-designer.agent.yaml",""
"yaml","validation-criteria","bmm","bmad/bmm/workflows/3-solutioning/solutioning-gate-check/validation-criteria.yaml","d690edf5faf95ca1ebd3736e01860b385b05566da415313d524f4db12f9a5af4"
"yaml","workflow","bmm","bmad/bmm/workflows/1-analysis/brainstorm-project/workflow.yaml","9fa9d8a3e3467e00b9ba187f91520760751768b56fa14a325cc166e708067afb"
"yaml","workflow","bmm","bmad/bmm/workflows/1-analysis/domain-research/workflow.yaml","460761467b57ba320fd8922927a7496fef54775e056e2cf8dd20ae1977376cbd"
"yaml","workflow","bmm","bmad/bmm/workflows/1-analysis/product-brief/workflow.yaml","45a1e40440efe2fb0a614842a3efa3b62833bd6f3cf9188393f5f6dbbf1fa491"
"yaml","workflow","bmm","bmad/bmm/workflows/1-analysis/research/workflow.yaml","339f40af85bcff64fedf417156e0c555113219071e06f741d356aaa95a9f5d19"
"yaml","workflow","bmm","bmad/bmm/workflows/2-plan-workflows/create-ux-design/workflow.yaml","32e92459d89855f3bac90a1c589096b10b57828983f1791dff940e17bea09109"
"yaml","workflow","bmm","bmad/bmm/workflows/2-plan-workflows/prd/create-epics-and-stories/workflow.yaml","9da88bfe0d21b8db522f4f0bbce1d7a7340b1418d76c97ba6e9078f52a21416b"
"yaml","workflow","bmm","bmad/bmm/workflows/2-plan-workflows/prd/workflow.yaml","09d79c744187e4c7d8c6de8fbddea6c75db214194e05209fadfa301bf84f0b6f"
"yaml","workflow","bmm","bmad/bmm/workflows/2-plan-workflows/tech-spec/workflow.yaml","4dde10d1478b813f99c529195c12c05938599fb5803e957b6ba23726112cda49"
"yaml","workflow","bmm","bmad/bmm/workflows/3-solutioning/architecture/workflow.yaml","93dde95d7d75ab16610bcf5106befaf9d0ab9e52cb4f88746d9696710e143a5b"
"yaml","workflow","bmm","bmad/bmm/workflows/3-solutioning/solutioning-gate-check/workflow.yaml","a6294def5290eef6727d3dfd06ce9d82188f2b8a8afb17b249b6f5e0fe27f344"
"yaml","workflow","bmm","bmad/bmm/workflows/4-implementation/code-review/workflow.yaml","b4d20f450243e5aedbb537093439c8b4b83aac8213a3a66be5bf2e95a1a9e0f8"
"yaml","workflow","bmm","bmad/bmm/workflows/4-implementation/correct-course/workflow.yaml","29fd40a0b4b16cba64462224732101de2c9050206c0c77dd555399ba8273fb5d"
"yaml","workflow","bmm","bmad/bmm/workflows/4-implementation/create-story/workflow.yaml","0b6ddcd6df3bc2cde34466944f322add6533c184932040e36b17789fb19ecff1"
"yaml","workflow","bmm","bmad/bmm/workflows/4-implementation/dev-story/workflow.yaml","96703263763717900ab1695de19a558c817a472e007af24b380f238c59a4c78d"
"yaml","workflow","bmm","bmad/bmm/workflows/4-implementation/epic-tech-context/workflow.yaml","60899ef88c1766595218724a9c98238978fc977b8f584ec11a8731a06d21e1c3"
"yaml","workflow","bmm","bmad/bmm/workflows/4-implementation/retrospective/workflow.yaml","2b27213f09c8809c4710e509ab3c4f63f9715c2ef5c5bad68cbd19711a23d7fb"
"yaml","workflow","bmm","bmad/bmm/workflows/4-implementation/sprint-planning/workflow.yaml","720f2013eefb7fa241b64671b7388a17b667ef4db8c21bc5c0ad9282df6b6baa"
"yaml","workflow","bmm","bmad/bmm/workflows/4-implementation/story-context/workflow.yaml","1c8c4b3d49665a2757c070b1558f89b5cb5a710381e5119424f682b7c87f1e2c"
"yaml","workflow","bmm","bmad/bmm/workflows/4-implementation/story-done/workflow.yaml","9edfac176cc3919bbf753e8671c38fb98a210f6a68c341abbf0cc39633435043"
"yaml","workflow","bmm","bmad/bmm/workflows/4-implementation/story-ready/workflow.yaml","7c59d8ffaacb9982014fdad8c95ac1a99985ee4641a33130f251cc696fcf6bde"
"yaml","workflow","bmm","bmad/bmm/workflows/document-project/workflow.yaml","a257aec6e0b2aa1eb935ae2291fbd8aeb83a93e17c5882d37d92adfe25fbbed8"
"yaml","workflow","bmm","bmad/bmm/workflows/testarch/atdd/workflow.yaml","b1bc5f8101fabf3fd1dd725d3fd1e5d8568e5497856ccf0556c86a0435214d95"
"yaml","workflow","bmm","bmad/bmm/workflows/testarch/automate/workflow.yaml","44b21e50e8419dbfdfbf7281b61f9e6f6630f4e9cf720fbe5e54b236d9d5e90d"
"yaml","workflow","bmm","bmad/bmm/workflows/testarch/ci/workflow.yaml","de89801ec80bd7e13c030a2912b4eee8992e8e2bfd020b59f85466d3569802f9"
"yaml","workflow","bmm","bmad/bmm/workflows/testarch/framework/workflow.yaml","72786ba1124a51e52acc825a340dcfda2188432ee6514f9e6e30b3bd0ef95123"
"yaml","workflow","bmm","bmad/bmm/workflows/testarch/nfr-assess/workflow.yaml","f7b005bf1af420693a8415b246bf4e87d827364cde09003649e6c234e6a4c5dc"
"yaml","workflow","bmm","bmad/bmm/workflows/testarch/test-design/workflow.yaml","13c1255f250701a176dcc9d50f3acfcb0d310a2a15da92af56d658b2ed78e5c2"
"yaml","workflow","bmm","bmad/bmm/workflows/testarch/test-review/workflow.yaml","19a389464ae744d5dd149e46c58beffb341cecc52198342a7c342cd3895d22f2"
"yaml","workflow","bmm","bmad/bmm/workflows/testarch/trace/workflow.yaml","9e112a5d983d7b517e22f20b815772e38f42d2568a4dcb7d8eb5afaf9e246963"
"yaml","workflow","bmm","bmad/bmm/workflows/workflow-status/init/workflow.yaml","e819d5ede67717bce20db57913029252f2374b77215f538d678f4a548caa7925"
"yaml","workflow","bmm","bmad/bmm/workflows/workflow-status/workflow.yaml","d50d6e5593b871a197a67af991efec5204f354fd6b2ffe93790c9107bdb334c9"
"yaml","workflow-status-template","bmm","bmad/bmm/workflows/workflow-status/workflow-status-template.yaml","6021202726d2b81f28908ffeb93330d25bcd52986823200e01b814d67c1677dd"
"csv","adv-elicit-methods","core","bmad/core/tasks/adv-elicit-methods.csv","b4e925870f902862899f12934e617c3b4fe002d1b652c99922b30fa93482533b"
"csv","brain-methods","core","bmad/core/workflows/brainstorming/brain-methods.csv","ecffe2f0ba263aac872b2d2c95a3f7b1556da2a980aa0edd3764ffb2f11889f3"
"md","bmad-master","core","bmad/core/agents/bmad-master.md","da52edd5ab4fd9a189c3e27cc8d114eeefe0068ff85febdca455013b8c85da1a"
"md","instructions","core","bmad/core/workflows/brainstorming/instructions.md","20c57ede11289def7927b6ef7bb69bd7a3deb9468dc08e93ee057f98a906e7f0"
"md","instructions","core","bmad/core/workflows/party-mode/instructions.md","28e48c7a05e1f17ad64c0cc701a2ba60e385cd4704c726a14d4b886d885306ab"
"md","README","core","bmad/core/workflows/brainstorming/README.md","4b81a01b94d6f9eda24a7adeb6cd4a2762482a9003859391a78226427b70d287"
"md","template","core","bmad/core/workflows/brainstorming/template.md","b5c760f4cea2b56c75ef76d17a87177b988ac846657f4b9819ec125d125b7386"
"xml","adv-elicit","core","bmad/core/tasks/adv-elicit.xml","7790318679f574b9bfe9010f267fef4476f42f141c87ff230e1f7efb32492527"
"xml","bmad-web-orchestrator.agent","core","bmad/core/agents/bmad-web-orchestrator.agent.xml","91a5c1b660befa7365f427640b4fa3dbb18f5e48cd135560303dae0939dccf12"
"xml","index-docs","core","bmad/core/tasks/index-docs.xml","38226219c7dbde1c1dabcd87214383a6bfb2d0a7e79e09a9c79dd6be851b7e64"
"xml","shard-doc","core","bmad/core/tools/shard-doc.xml","7788d38b9989361992664b8a4e23896081638df2a9bc9227eb56e82f3a5c183a"
"xml","validate-workflow","core","bmad/core/tasks/validate-workflow.xml","1e8c569d8d53e618642aa1472721655cb917901a5888a7b403a98df4db2f26bf"
"xml","workflow","core","bmad/core/tasks/workflow.xml","576ddb13dbaeb751b1cda0a235735669cd977eaf02fcab79cb9f157f75dfb36e"
"yaml","bmad-master.agent","core","bmad/core/agents/bmad-master.agent.yaml",""
"yaml","config","core","bmad/core/config.yaml","93e75066a433c7e8a6ced9c93ee1a3d78c89bd3d3376a358aefa394f92c3ae84"
"yaml","workflow","core","bmad/core/workflows/brainstorming/workflow.yaml","74038fa3892c4e873cc79ec806ecb2586fc5b4cf396c60ae964a6a71a9ad4a3d"
"yaml","workflow","core","bmad/core/workflows/party-mode/workflow.yaml","04558885b784b4731f37465897b9292a756f64c409bd76dcc541407d50501605"
